n usr sys mem
0 0.00 0.00 5972
10000 0.05 0.00 10748
20000 0.11 0.00 15068
30000 0.17 0.00 23264
40000 0.22 0.00 23176
50000 0.27 0.02 39500
60000 0.35 0.00 39648
70000 0.40 0.01 39496
80000 0.44 0.01 39640
90000 0.49 0.02 72328
100000 0.56 0.03 72432
110000 0.63 0.02 72388
120000 0.65 0.03 72328
130000 0.74 0.02 72328
140000 0.80 0.03 72416
150000 0.87 0.03 72436
160000 0.90 0.02 72264
170000 0.98 0.04 136260
180000 1.01 0.03 136944
190000 1.12 0.06 136972
200000 1.16 0.05 136928
210000 1.18 0.03 136928
220000 1.29 0.06 136896
230000 1.40 0.04 136928
240000 1.36 0.05 136840
250000 1.37 0.04 136924
260000 1.49 0.03 136896
270000 1.56 0.06 136892
280000 1.59 0.07 136920
290000 1.71 0.04 136924
300000 1.71 0.04 136888
310000 1.76 0.06 136780
320000 1.87 0.04 136884
330000 1.85 0.06 136948
340000 1.90 0.10 260832
350000 1.95 0.09 262892
360000 2.16 0.11 262840
370000 2.13 0.11 262840
380000 2.22 0.12 262840
390000 2.21 0.10 262940
400000 2.41 0.10 260828
410000 2.39 0.12 262840
420000 2.40 0.09 262796
430000 2.57 0.09 262852
440000 2.51 0.11 262904
450000 2.62 0.08 262852
460000 2.60 0.13 262852
470000 2.68 0.12 260800
480000 2.75 0.12 262840
490000 2.81 0.10 262880
500000 2.83 0.11 262852
510000 2.63 0.13 262880
520000 2.80 0.09 262836
530000 3.15 0.08 262884
540000 3.16 0.11 262872
550000 3.14 0.10 262836
560000 3.20 0.11 262884
570000 3.27 0.09 262836
580000 3.30 0.11 262852
590000 3.25 0.09 262876
600000 3.44 0.12 262944
610000 3.50 0.11 262840
620000 3.42 0.09 262880
630000 3.47 0.11 262940
640000 3.72 0.10 262896
650000 3.81 0.09 262892
660000 3.90 0.20 511776
670000 3.84 0.21 511732
680000 3.99 0.16 511668
690000 4.13 0.24 511712
700000 4.14 0.21 511708
710000 4.15 0.21 511704
720000 4.22 0.19 511724
730000 4.33 0.21 511752
740000 4.41 0.19 511704
750000 4.37 0.21 511736
760000 4.37 0.22 511712
770000 4.59 0.19 511776
780000 4.54 0.21 511724
790000 4.64 0.19 511712
800000 4.71 0.18 511728
810000 4.58 0.21 511676
820000 4.84 0.17 511712
830000 4.70 0.18 511728
840000 4.54 0.25 511632
850000 4.90 0.20 511632
860000 4.98 0.16 511620
870000 5.04 0.21 511768
880000 5.18 0.20 511720
890000 5.21 0.21 511680
900000 4.87 0.20 511684
910000 5.39 0.19 511756
920000 5.27 0.23 511628
930000 5.38 0.21 511632
940000 5.17 0.22 511716
950000 5.53 0.19 511724
960000 5.46 0.31 511736
970000 5.47 0.18 511724
980000 5.78 0.19 511720
990000 5.66 0.19 511724
1000000 5.70 0.24 511736
