n usr sys mem
0 0.00 0.00 6112
50000 0.34 0.01 38584
100000 0.66 0.03 69340
150000 1.03 0.07 127684
200000 1.40 0.02 127684
250000 1.80 0.07 243444
300000 2.11 0.09 243340
350000 2.44 0.10 243336
400000 2.80 0.09 243424
450000 3.33 0.14 455400
500000 3.51 0.16 466656
550000 3.92 0.17 466680
600000 4.14 0.17 466716
650000 4.50 0.19 466620
700000 4.83 0.19 466700
750000 5.11 0.21 466616
800000 5.43 0.20 466720
850000 6.10 0.32 843460
900000 6.43 0.34 901848
950000 6.80 0.33 901820
1000000 7.02 0.35 901920
1050000 7.41 0.33 901856
1100000 7.53 0.36 901844
1150000 8.02 0.32 901732
1200000 8.13 0.38 901876
1250000 8.61 0.44 901876
1300000 8.77 0.39 901896
1350000 9.30 0.33 901772
1400000 9.27 0.56 901776
1450000 9.99 0.31 901896
1500000 10.01 0.40 901824
1550000 10.46 0.40 901776
1600000 11.49 0.63 1560140
1650000 11.79 0.63 1629876
1700000 11.97 0.62 1700548
1750000 12.36 0.68 1746700
1800000 12.51 0.68 1746576
1850000 12.84 0.73 1746680
1900000 13.09 0.78 1746568
1950000 13.52 0.67 1746620
2000000 14.09 0.72 1746692
