n usr sys mem
0 0.18 0.01 41860
10000 0.20 0.01 47096
20000 0.23 0.02 51032
30000 0.25 0.02 60308
40000 0.26 0.03 60432
50000 0.31 0.03 77948
60000 0.35 0.02 77656
70000 0.37 0.02 77836
80000 0.39 0.03 77892
90000 0.41 0.03 78260
100000 0.49 0.03 113172
110000 0.49 0.04 112976
120000 0.51 0.03 113172
130000 0.53 0.04 112536
140000 0.56 0.02 112708
150000 0.58 0.03 112956
160000 0.60 0.05 112560
170000 0.64 0.04 112476
180000 0.69 0.07 180200
190000 0.74 0.03 180120
200000 0.75 0.07 180348
210000 0.82 0.04 180424
220000 0.80 0.07 180364
230000 0.84 0.06 180328
240000 0.85 0.07 180140
250000 0.89 0.05 180144
260000 0.89 0.06 180756
270000 0.91 0.06 180116
280000 0.96 0.05 180560
290000 0.94 0.07 180236
300000 1.02 0.05 180340
310000 1.05 0.06 180256
320000 1.14 0.05 180292
330000 1.07 0.04 180292
340000 1.03 0.09 180292
350000 1.11 0.05 180756
360000 1.25 0.10 314380
370000 1.24 0.11 314488
380000 1.29 0.11 314380
390000 1.28 0.13 314928
400000 1.34 0.13 314900
410000 1.37 0.10 314384
420000 1.35 0.13 314700
430000 1.46 0.10 314436
440000 1.40 0.12 314380
450000 1.52 0.11 314700
460000 1.50 0.12 314260
470000 1.54 0.12 314684
480000 1.54 0.11 314460
490000 1.57 0.09 314460
500000 1.54 0.13 314696
510000 1.61 0.09 314404
520000 1.66 0.13 314488
530000 1.67 0.09 314900
540000 1.71 0.12 314700
550000 1.72 0.11 314436
560000 1.72 0.13 314264
570000 1.79 0.12 314488
580000 1.74 0.12 314684
590000 1.90 0.11 314508
600000 1.80 0.11 314896
610000 1.84 0.13 314464
620000 1.92 0.09 314696
630000 1.87 0.10 314836
640000 2.11 0.10 314204
650000 1.96 0.09 314564
660000 1.96 0.09 314564
670000 1.96 0.09 314260
680000 2.03 0.13 314264
690000 2.02 0.09 314408
700000 2.39 0.27 577572
710000 2.60 0.18 577660
720000 2.34 0.19 577380
730000 2.41 0.18 578068
740000 2.43 0.21 577676
750000 2.33 0.23 577676
760000 2.39 0.22 577372
770000 2.38 0.22 577552
780000 2.45 0.18 577668
790000 2.48 0.21 577372
800000 2.45 0.21 577968
810000 2.54 0.19 577968
820000 2.47 0.24 577452
830000 2.50 0.23 577624
840000 2.69 0.20 577868
850000 2.56 0.22 577620
860000 2.56 0.24 577604
870000 2.63 0.23 577732
880000 2.58 0.24 577572
890000 2.75 0.19 577604
900000 2.74 0.21 577628
910000 2.75 0.18 577736
920000 2.75 0.20 577868
930000 2.93 0.23 577868
940000 2.82 0.20 577660
950000 2.79 0.23 577432
960000 2.88 0.20 577688
970000 2.88 0.20 577576
980000 2.95 0.21 577544
990000 2.87 0.20 577640
1000000 2.97 0.19 578020
