n usr sys mem
1 0.18 0.01 41480
2 0.18 0.01 41784
3 0.18 0.01 41728
4 0.17 0.01 41840
5 0.18 0.01 41636
6 0.17 0.01 42020
7 0.18 0.01 41904
8 0.18 0.01 41952
9 0.17 0.01 42024
10 0.19 0.01 42228
11 0.18 0.01 42540
12 0.17 0.02 42264
13 0.18 0.02 42156
14 0.16 0.02 42088
15 0.17 0.01 42584
16 0.19 0.01 42148
17 0.17 0.01 42572
18 0.19 0.01 42688
19 0.18 0.02 42472
20 0.21 0.00 42264
21 0.23 0.00 42444
22 0.26 0.02 42804
23 0.31 0.02 42572
24 0.39 0.01 43060
25 0.56 0.01 42912
26 0.81 0.00 43244
27 1.12 0.02 43744
28 1.74 0.02 44124
29 2.73 0.02 44232
30 4.35 0.04 44044
31 6.80 0.06 44160
