n usr sys mem
1 0.00 0.00 6052
2 0.00 0.00 6052
3 0.00 0.00 6076
4 0.00 0.00 6068
5 0.00 0.00 6060
6 0.00 0.00 6020
7 0.00 0.00 6048
8 0.00 0.00 6048
9 0.00 0.00 5992
10 0.00 0.00 5984
11 0.00 0.00 6144
12 0.00 0.00 6036
13 0.00 0.00 6136
14 0.00 0.00 6036
15 0.01 0.00 5984
16 0.01 0.00 6180
17 0.02 0.00 6084
18 0.03 0.00 6132
19 0.05 0.00 5984
20 0.07 0.00 6208
21 0.11 0.00 6312
22 0.18 0.00 6544
23 0.31 0.00 6760
24 0.49 0.00 7032
25 0.79 0.00 7696
26 1.35 0.00 7904
27 2.14 0.01 7908
28 3.54 0.00 7872
29 5.76 0.01 7908
30 9.34 0.03 7816
31 15.07 0.06 7968
