n usr sys mem
0 0.18 0.01 41744
10000 0.21 0.00 47536
20000 0.24 0.01 52496
30000 0.28 0.00 60484
40000 0.29 0.01 60812
50000 0.33 0.01 78888
60000 0.35 0.02 78656
70000 0.37 0.03 78836
80000 0.41 0.02 79032
90000 0.42 0.02 79276
100000 0.47 0.04 111688
110000 0.51 0.04 111608
120000 0.53 0.03 111692
130000 0.54 0.04 111420
140000 0.56 0.03 111936
150000 0.60 0.02 111420
160000 0.60 0.04 111800
170000 0.64 0.04 111796
180000 0.72 0.05 178252
190000 0.74 0.07 179188
200000 0.75 0.06 179248
210000 0.78 0.06 179232
220000 0.81 0.07 179560
230000 0.84 0.07 179412
240000 0.85 0.08 179636
250000 0.89 0.06 179260
260000 0.90 0.07 179228
270000 0.99 0.07 179144
280000 0.95 0.07 179008
290000 0.95 0.10 179272
300000 1.02 0.08 179272
310000 1.01 0.07 179412
320000 1.06 0.08 179280
330000 1.15 0.06 179384
340000 1.13 0.06 179232
350000 1.24 0.10 310596
360000 1.25 0.10 311508
370000 1.25 0.13 311228
380000 1.29 0.11 311372
390000 1.36 0.12 311288
400000 1.34 0.11 311504
410000 1.45 0.09 311728
420000 1.40 0.12 311620
430000 1.42 0.12 311308
440000 1.39 0.13 311104
450000 1.53 0.12 311328
460000 1.56 0.14 311620
470000 1.56 0.09 311376
480000 1.52 0.11 311284
490000 1.58 0.12 311224
500000 1.58 0.15 311660
510000 1.56 0.13 311340
520000 1.68 0.12 311360
530000 1.62 0.12 311568
540000 1.90 0.12 311360
550000 1.72 0.12 311288
560000 1.73 0.11 311364
570000 1.76 0.10 311104
580000 1.77 0.13 311480
590000 1.91 0.10 311324
600000 1.85 0.12 311360
610000 1.84 0.10 311728
620000 1.87 0.10 311288
630000 1.97 0.12 311284
640000 1.97 0.12 311476
650000 1.98 0.10 311288
660000 1.96 0.12 311616
670000 1.94 0.11 311508
680000 2.03 0.16 311724
690000 2.26 0.26 571284
700000 2.21 0.21 571604
710000 2.37 0.19 571424
720000 2.30 0.19 571432
730000 2.31 0.21 571572
740000 2.38 0.19 571324
750000 2.38 0.19 571320
760000 2.39 0.22 571380
770000 2.42 0.23 571940
780000 2.53 0.19 571820
790000 2.59 0.22 571644
800000 2.54 0.18 571600
810000 2.51 0.21 571380
820000 2.54 0.25 571788
830000 2.56 0.22 571460
840000 2.73 0.21 571916
850000 2.68 0.20 571468
860000 2.63 0.19 571384
870000 2.61 0.21 571576
880000 2.70 0.19 571460
890000 2.70 0.24 571384
900000 2.71 0.20 571468
910000 2.94 0.17 571384
920000 2.80 0.18 571820
930000 2.82 0.23 571420
940000 2.82 0.19 571604
950000 2.97 0.21 571916
960000 2.88 0.21 571604
970000 2.88 0.21 571436
980000 2.92 0.24 571208
990000 2.72 0.52 571716
1000000 3.06 0.22 595960
