n usr sys mem
1 0.17 0.02 41820
2 0.19 0.01 41496
3 0.18 0.01 42192
4 0.19 0.00 42076
5 0.17 0.01 42024
6 0.18 0.00 41856
7 0.18 0.01 42020
8 0.16 0.02 42192
9 0.18 0.00 42032
10 0.17 0.01 42548
11 0.17 0.01 42108
12 0.17 0.01 42240
13 0.18 0.00 42136
14 0.17 0.01 42396
15 0.18 0.01 42588
16 0.17 0.01 42092
17 0.18 0.01 42792
18 0.20 0.01 42316
19 0.20 0.01 42772
20 0.20 0.02 42152
21 0.24 0.01 42432
22 0.27 0.00 42436
23 0.33 0.00 42364
24 0.40 0.00 42700
25 0.53 0.01 43092
26 0.74 0.02 43464
27 1.13 0.01 44404
28 1.76 0.01 44100
29 2.66 0.02 44156
30 4.37 0.02 44140
31 7.40 0.05 44564
