n usr sys mem
0 0.18 0.01 41232
10000 0.20 0.02 47224
20000 0.23 0.01 51044
30000 0.26 0.01 60548
40000 0.28 0.01 60432
50000 0.32 0.01 77836
60000 0.36 0.01 77836
70000 0.37 0.03 78140
80000 0.39 0.03 77912
90000 0.42 0.02 77620
100000 0.47 0.03 112780
110000 0.49 0.04 112780
120000 0.54 0.03 112732
130000 0.54 0.04 112972
140000 0.55 0.05 112656
150000 0.58 0.04 112836
160000 0.60 0.05 112780
170000 0.65 0.03 112560
180000 0.73 0.05 180192
190000 0.75 0.05 180236
200000 0.74 0.06 180060
210000 0.79 0.05 180260
220000 0.80 0.06 180416
230000 0.83 0.05 180316
240000 0.84 0.07 180560
250000 0.85 0.07 180288
260000 0.90 0.09 180556
270000 0.92 0.07 180540
280000 0.92 0.07 180116
290000 0.98 0.06 180124
300000 1.01 0.07 180660
310000 1.02 0.03 180540
320000 1.02 0.08 180344
330000 1.05 0.05 180580
340000 1.17 0.06 180416
350000 1.15 0.07 180260
360000 1.21 0.11 314472
370000 1.24 0.13 314380
380000 1.35 0.11 314256
390000 1.29 0.11 314404
400000 1.32 0.11 314836
410000 1.39 0.10 314264
420000 1.38 0.12 314384
430000 1.39 0.14 314404
440000 1.47 0.13 314384
450000 1.48 0.11 314204
460000 1.48 0.12 314508
470000 1.51 0.13 314808
480000 1.54 0.13 314516
490000 1.58 0.09 314448
500000 1.73 0.11 314204
510000 1.62 0.12 314436
520000 1.64 0.10 314804
530000 1.66 0.10 314900
540000 1.68 0.09 314200
550000 1.64 0.13 314436
560000 1.73 0.10 314700
570000 1.75 0.11 314692
580000 1.75 0.10 314380
590000 1.81 0.11 314432
600000 1.82 0.11 314400
610000 1.80 0.11 314260
620000 1.86 0.12 314896
630000 1.86 0.11 314404
640000 1.95 0.12 314292
650000 1.93 0.10 314492
660000 2.01 0.11 314200
670000 1.96 0.12 314704
680000 2.03 0.12 314896
690000 1.99 0.14 314492
700000 2.20 0.23 577848
710000 2.33 0.17 577732
720000 2.27 0.21 577628
730000 2.38 0.17 577548
740000 2.37 0.20 577548
750000 2.36 0.19 577864
760000 2.37 0.25 577628
770000 2.43 0.23 577372
780000 2.43 0.21 577676
790000 2.46 0.21 577852
800000 2.90 0.18 577732
810000 2.50 0.22 577872
820000 2.57 0.19 577752
830000 2.84 0.19 577676
840000 2.73 0.19 577456
850000 2.76 0.20 577672
860000 2.69 0.18 577736
870000 2.57 0.21 577428
880000 2.77 0.22 577368
890000 2.71 0.19 577656
900000 2.74 0.22 577656
910000 2.73 0.21 577572
920000 2.76 0.19 577852
930000 2.76 0.20 577628
940000 2.89 0.18 577964
950000 2.90 0.24 577640
960000 2.88 0.24 577736
970000 2.88 0.18 577632
980000 3.13 0.23 577864
990000 2.84 0.25 577872
1000000 3.04 0.21 577452
