   freq     count
  37136006   1
  32143383   2
  18363144   3
   8577387   4
   3085382   5
    150131   6
    105781   7
     83094   8
     67265   9
     70596  10
     82978  11
     53927  12
     46368  13
     43146  14
     39930  15
     38185  16
     37308  17
     37278  18
     41202  19
     51047  20
    238719  21
     26418  22
     21040  23
     18770  24
     17071  25
     16206  26
     15353  27
     15235  28
     14204  29
     13765  30
     13248  31
     12891  32
     11992  33
     12086  34
     11414  35
     11164  36
     10823  37
     10918  38
     10719  39
     11134  40
     12758  41
     10594  42
      9854  43
      9134  44
      8493  45
      8152  46
      7975  47
      8111  48
      7725  49
      8856  50
     28931  51
      6147  52
      6329  53
      6032  54
      6062  55
      5536  56
      5605  57
      5565  58
      5480  59
      5378  60
      5425  61
      5313  62
      5108  63
      4484  64
      4494  65
      4255  66
      4213  67
      4185  68
      3924  69
      4154  70
      3790  71
      3583  72
      3367  73
      3325  74
      3254  75
      3422  76
      3559  77
      3308  78
      3312  79
      3181  80
      3403  81
      3132  82
      2909  83
      2773  84
      2735  85
      2572  86
      2540  87
      2518  88
      2564  89
      2239  90
      2404  91
      2147  92
      2464  93
      2269  94
      2204  95
      2170  96
      2229  97
      2164  98
      2106  99
      2067 100
      2630 101
      2182 102
      1979 103
      1986 104
      1747 105
      1832 106
      1663 107
      1690 108
      1552 109
      1601 110
      1557 111
      1438 112
      1366 113
      1293 114
      1379 115
      1280 116
      1240 117
      1225 118
      1303 119
      1363 120
      1326 121
      1227 122
      1427 123
      1344 124
      1347 125
      1098 126
      1064 127
      1114 128
      1164 129
      1168 130
      1084 131
      1197 132
      1046 133
      1030 134
      1197 135
      1157 136
      1184 137
      1203 138
      1337 139
      1227 140
      1141 141
      1138 142
      1331 143
      1082 144
      1008 145
       999 146
       959 147
      1004 148
       982 149
       977 150
       971 151
       990 152
       958 153
      1010 154
       972 155
       901 156
       905 157
       936 158
       916 159
       828 160
      1005 161
       968 162
       906 163
       954 164
       918 165
       951 166
       847 167
       959 168
       969 169
       884 170
       842 171
       855 172
       884 173
       930 174
       865 175
       974 176
       939 177
       842 178
       790 179
       834 180
       922 181
       916 182
       810 183
       757 184
       758 185
       751 186
       676 187
       649 188
       698 189
       719 190
       755 191
       653 192
       703 193
       619 194
       707 195
       624 196
       687 197
       707 198
       572 199
       568 200
       608 201
       649 202
       570 203
       555 204
       625 205
       721 206
       656 207
       535 208
       670 209
       529 210
       529 211
       497 212
       450 213
       535 214
       447 215
       459 216
       414 217
       408 218
       429 219
       378 220
       385 221
       421 222
       345 223
       405 224
       379 225
       380 226
       398 227
       398 228
       398 229
       338 230
       344 231
       373 232
       395 233
       339 234
       308 235
       304 236
       290 237
       281 238
       275 239
       347 240
       295 241
       282 242
       263 243
       238 244
       204 245
       253 246
       241 247
       290 248
       242 249
       200 250
       156 251
       233 252
       198 253
       226 254
       213 255
       178 256
       163 257
       193 258
       207 259
       178 260
       213 261
       186 262
       191 263
       138 264
       172 265
       126 266
       153 267
       177 268
       128 269
       111 270
       133 271
        75 272
       119 273
       117 274
        91 275
       126 276
        83 277
        87 278
        63 279
        78 280
        79 281
        63 282
        84 283
        74 284
        89 285
        76 286
        71 287
        56 288
        93 289
        72 290
        77 291
        95 292
        97 293
        77 294
        41 295
        43 296
        50 297
        61 298
        71 299
        48 300
        55 301
        67 302
        67 303
        51 304
        71 305
        73 306
        66 307
        69 308
        66 309
        59 310
        65 311
        54 312
        40 313
        56 314
        50 315
        41 316
        48 317
        33 318
        26 319
        39 320
        43 321
        40 322
        35 323
        35 324
        27 325
        34 326
        25 327
        33 328
        35 329
        43 330
        41 331
        35 332
        31 333
        26 334
        47 335
        23 336
        23 337
        18 338
         9 339
        14 340
        13 341
        29 342
        25 343
        12 344
        19 345
         9 346
        14 347
         7 348
        33 349
         7 350
        19 351
        10 352
        18 353
        31 354
        10 355
        13 356
        58 357
         8 358
        82 359
        43 360
        27 361
        11 362
        23 363
        38 364
        18 365
        14 366
        18 367
        20 368
        20 369
        10 370
        32 371
        38 372
        27 373
        18 374
        11 375
        22 376
        13 377
         6 378
         9 379
         9 380
         6 381
         8 382
        13 383
         3 384
        12 385
        10 386
         3 387
         2 388
         4 389
         5 390
         2 391
         3 392
         2 393
         2 394
         2 395
         4 396
         3 397
         1 398
         4 400
         1 401
         1 402
         2 403
         8 404
        11 405
        10 406
         3 407
         4 408
         3 409
         5 410
         5 411
         7 412
         6 413
         4 414
         6 415
         5 416
         5 417
         5 418
         4 419
         4 420
         3 421
         4 422
         6 423
         3 424
         4 425
         5 426
         3 427
         3 428
         1 433
         3 434
         4 435
         1 436
         3 437
         1 438
         1 439
         1 440
         2 441
         1 443
         1 444
         1 447
         1 449
         1 450
         1 453
         2 471
         1 475
         1 476
         2 482
         1 526
         2 539
         1 541
         1 545
         2 546
         3 547
         2 548
