1 2
1 2
1 2
1 2
1 2
1 2
1 2
1 2
1 2
1 2
1 2
1 2
1 2
1 2
1 2
1 2
1 2
1 2
1 2
1 2
1 2
1 2
1 2
1 2
1 2
1 2
1 2
1 2
1 2
1 2
1 2
1 2
1 2
1 2
1 2
1 2
1 2
1 2
1 2
1 2
1 2
1 2
1 2
1 2
1 2
1 2
1 2
1 2
1 2
1 2
1 2
1 2
1 2
1 2
1 2
1 2
1 2
1 2
1 2
1 2
1 2
1 2
1 2
1 2
1 2
1 2
1 2
1 2
1 2
1 2
1 2
1 2
1 2
1 2
1 2
1 2
1 2
1 2
1 2
1 2
1 2
1 2
1 2
1 2
1 2
1 2
1 2
1 2
1 2
1 2
1 2
1 2
1 2
1 2
1 2
1 2
1 2
1 2
1 2
1 2
6 14
6 8
6 14
6 8
6 8
6 14
6 8
6 8
6 8
6 8
6 8
6 8
6 14
6 8
6 8
6 8
6 8
6 8
6 8
6 8
6 14
6 8
6 8
6 8
6 8
6 8
6 8
6 8
6 8
6 8
6 14
6 8
6 14
6 8
6 8
6 8
6 14
6 8
6 14
6 8
6 8
6 8
6 8
6 8
6 8
6 8
6 8
6 14
6 8
6 14
6 8
6 14
6 14
6 8
6 8
6 8
6 8
6 8
6 8
6 8
6 8
6 14
6 14
6 8
6 8
6 8
6 8
6 8
6 14
6 8
6 8
6 8
6 8
6 14
6 14
6 8
6 8
6 14
6 8
6 8
6 14
6 8
6 8
6 8
6 8
6 8
6 8
6 8
6 8
6 8
6 8
6 8
6 8
6 14
6 8
6 8
6 8
6 8
6 8
6 8
15 48
15 28
15 28
15 18
15 28
15 18
15 18
15 28
15 18
15 18
15 28
15 48
15 18
15 18
15 28
15 63
15 28
15 28
15 63
15 18
15 28
15 18
15 28
15 18
15 28
15 18
15 28
15 18
15 28
15 18
15 28
15 28
15 53
15 53
15 28
15 18
15 53
15 18
15 18
15 28
15 18
15 18
15 18
15 28
15 18
15 18
15 28
15 28
15 28
15 18
15 18
15 18
15 18
15 28
15 28
15 28
15 28
15 53
15 18
15 18
15 63
15 18
15 18
15 18
15 18
15 18
15 28
15 18
15 18
15 28
15 28
15 18
15 18
15 53
15 28
15 18
15 63
15 53
15 18
15 28
15 18
15 53
15 28
15 48
15 18
15 28
15 63
15 18
15 18
15 18
15 18
15 18
15 28
15 18
15 18
15 18
15 53
15 53
15 18
15 18
28 116
28 46
28 32
28 144
28 32
28 95
28 32
28 165
28 193
28 298
28 60
28 46
28 32
28 46
28 32
28 46
28 81
28 32
28 32
28 95
28 46
28 32
28 144
28 46
28 158
28 46
28 74
28 32
28 81
28 46
28 32
28 46
28 74
28 81
28 74
28 46
28 207
28 158
28 32
28 46
28 165
28 207
28 32
28 144
28 46
28 81
28 32
28 46
28 46
28 46
28 46
28 144
28 207
28 32
28 74
28 172
28 137
28 46
28 32
28 32
28 74
28 32
28 60
28 95
28 95
28 46
28 95
28 116
28 116
28 74
28 32
28 32
28 46
28 81
28 46
28 32
28 46
28 32
28 81
28 32
28 46
28 95
28 46
28 165
28 46
28 193
28 46
28 32
28 32
28 46
28 312
28 32
28 32
28 46
28 32
28 95
28 46
28 46
28 81
28 46
45 491
45 266
45 113
45 68
45 50
45 185
45 50
45 194
45 131
45 104
45 383
45 50
45 473
45 167
45 158
45 257
45 365
45 779
45 338
45 275
45 356
45 428
45 194
45 212
45 167
45 347
45 536
45 68
45 68
45 167
45 275
45 68
45 68
45 509
45 50
45 716
45 626
45 176
45 113
45 1040
45 257
45 212
45 266
45 158
45 50
45 284
45 50
45 293
45 284
45 221
45 410
45 68
45 86
45 221
45 662
45 68
45 68
45 86
45 131
45 68
45 167
45 50
45 50
45 572
45 527
45 284
45 113
45 482
45 104
45 221
45 149
45 221
45 320
45 104
45 248
45 68
45 113
45 68
45 86
45 419
45 797
45 320
45 212
45 266
45 113
45 869
45 50
45 185
45 86
45 176
45 68
45 284
45 320
45 131
45 113
45 581
45 68
45 383
45 419
45 68
66 2404
66 2448
66 688
66 149
66 72
66 1832
66 688
66 578
66 1997
66 974
66 226
66 1293
66 138
66 1722
66 765
66 919
66 534
66 688
66 1953
66 479
66 424
66 1282
66 2470
66 501
66 4021
66 1018
66 534
66 589
66 72
66 732
66 94
66 149
66 149
66 501
66 457
66 171
66 2206
66 336
66 204
66 1876
66 347
66 72
66 1183
66 490
66 94
66 1557
66 281
66 171
66 897
66 1469
66 864
66 996
66 270
66 688
66 1029
66 1975
66 1139
66 886
66 1425
66 149
66 897
66 116
66 94
66 974
66 809
66 72
66 765
66 886
66 1238
66 1469
66 501
66 446
66 1381
66 391
66 567
66 831
66 347
66 2008
66 204
66 72
66 754
66 490
66 281
66 831
66 215
66 1700
66 1425
66 1832
66 94
66 303
66 1887
66 1458
66 149
66 776
66 545
66 1172
66 259
66 710
66 149
66 1106
91 8522
91 6806
91 2789
91 6026
91 4986
91 943
91 1671
91 6663
91 2152
91 3036
91 5272
91 1723
91 4323
91 1671
91 9354
91 1008
91 1866
91 5142
91 1437
91 9380
91 2607
91 8626
91 2178
91 2906
91 2854
91 7612
91 2919
91 3244
91 3608
91 1385
91 2503
91 319
91 8652
91 839
91 4206
91 1255
91 241
91 1164
91 306
91 2256
91 5025
91 2932
91 2308
91 2880
91 7703
91 449
91 1463
91 4635
91 4687
91 5389
91 3231
91 9471
91 1489
91 124
91 1424
91 4141
91 2958
91 4674
91 345
91 5103
91 4089
91 3244
91 1450
91 4401
91 6676
91 943
91 3764
91 7144
91 4089
91 501
91 410
91 5844
91 2191
91 98
91 3049
91 1190
91 5701
91 3270
91 3894
91 7898
91 3257
91 3920
91 605
91 1164
91 10459
91 7729
91 176
91 436
91 956
91 280
91 904
91 683
91 3283
91 1125
91 3868
91 1034
91 319
91 1710
91 2815
91 1294
120 5408
120 8033
120 5048
120 19298
120 3173
120 3578
120 20423
120 2663
120 7388
120 2153
120 1763
120 1073
120 6158
120 12113
120 17618
120 2543
120 9923
120 33593
120 12653
120 1298
120 28523
120 8168
120 4628
120 5153
120 6188
120 11573
120 188
120 10973
120 10538
120 18413
120 2603
120 4568
120 938
120 9398
120 3233
120 2918
120 20288
120 17168
120 2018
120 15218
120 19808
120 14078
120 9608
120 2438
120 488
120 10658
120 21008
120 23093
120 353
120 8993
120 69743
120 15638
120 17048
120 6998
120 16643
120 21863
120 7928
120 368
120 19763
120 4253
120 2378
120 6923
120 9533
120 698
120 5843
120 11528
120 11048
120 11573
120 3248
120 3638
120 503
120 4643
120 6308
120 7313
120 19583
120 7718
120 4718
120 1028
120 3233
120 10583
120 3878
120 6533
120 2153
120 15233
120 9068
120 6518
120 3173
120 11513
120 14618
120 18923
120 7283
120 12968
120 4028
120 7463
120 4313
120 1553
120 6188
120 12563
120 4493
120 6518
153 95124
153 13898
153 90109
153 59118
153 266824
153 38361
153 13932
153 44753
153 1335
153 38752
153 39126
153 46147
153 32802
153 16907
153 134921
153 32853
153 31935
153 10107
153 10804
153 11501
153 33499
153 62331
153 184238
153 95413
153 2185
153 7727
153 83734
153 87236
153 40163
153 95600
153 89616
153 22840
153 53627
153 31969
153 292630
153 8356
153 65510
153 50057
153 1080
153 2508
153 15275
153 132762
153 46249
153 55446
153 42781
153 104117
153 53984
153 64150
153 22755
153 40503
153 19559
153 31221
153 2236
153 45246
153 19831
153 78940
153 226381
153 1641
153 52777
153 13269
153 112515
153 5755
153 50635
153 57741
153 58336
153 43563
153 29640
153 76254
153 183983
153 34944
153 31969
153 183524
153 54120
153 16907
153 92778
153 51366
153 7353
153 79722
153 5789
153 26512
153 73024
153 2882
153 50618
153 7421
153 39296
153 21820
153 27430
153 64303
153 42662
153 12538
153 97691
153 24744
153 51689
153 23605
153 36321
153 20256
153 12657
153 16261
153 74520
153 108078
