1 2
1 2
1 2
1 2
1 2
1 2
1 2
1 2
1 2
1 2
1 2
1 2
1 2
1 2
1 2
1 2
1 2
1 2
1 2
1 2
1 2
1 2
1 2
1 2
1 2
1 2
1 2
1 2
1 2
1 2
1 2
1 2
1 2
1 2
1 2
1 2
1 2
1 2
1 2
1 2
1 2
1 2
1 2
1 2
1 2
1 2
1 2
1 2
1 2
1 2
1 2
1 2
1 2
1 2
1 2
1 2
1 2
1 2
1 2
1 2
1 2
1 2
1 2
1 2
1 2
1 2
1 2
1 2
1 2
1 2
1 2
1 2
1 2
1 2
1 2
1 2
1 2
1 2
1 2
1 2
1 2
1 2
1 2
1 2
1 2
1 2
1 2
1 2
1 2
1 2
1 2
1 2
1 2
1 2
1 2
1 2
1 2
1 2
1 2
1 2
6 8
6 8
6 8
6 8
6 8
6 8
6 8
6 8
6 8
6 8
6 8
6 8
6 8
6 8
6 8
6 8
6 8
6 8
6 8
6 8
6 8
6 8
6 8
6 8
6 8
6 8
6 8
6 8
6 8
6 8
6 8
6 8
6 8
6 8
6 8
6 8
6 8
6 8
6 8
6 8
6 8
6 8
6 8
6 8
6 8
6 8
6 8
6 8
6 8
6 8
6 8
6 8
6 8
6 8
6 8
6 8
6 8
6 8
6 8
6 8
6 8
6 8
6 8
6 8
6 8
6 8
6 8
6 8
6 8
6 8
6 8
6 8
6 8
6 8
6 8
6 8
6 8
6 8
6 8
6 8
6 8
6 8
6 8
6 8
6 8
6 8
6 8
6 8
6 8
6 8
6 8
6 8
6 8
6 8
6 8
6 8
6 8
6 8
6 8
6 8
15 18
15 18
15 18
15 18
15 18
15 18
15 18
15 18
15 18
15 18
15 18
15 18
15 18
15 18
15 18
15 18
15 18
15 18
15 18
15 18
15 18
15 18
15 18
15 18
15 18
15 18
15 18
15 18
15 18
15 18
15 18
15 18
15 18
15 18
15 18
15 18
15 18
15 18
15 18
15 18
15 18
15 18
15 18
15 18
15 18
15 18
15 18
15 18
15 18
15 18
15 18
15 18
15 18
15 18
15 18
15 18
15 18
15 18
15 18
15 18
15 18
15 18
15 18
15 18
15 18
15 18
15 18
15 18
15 18
15 18
15 18
15 18
15 18
15 18
15 18
15 18
15 18
15 18
15 18
15 18
15 18
15 18
15 18
15 18
15 18
15 18
15 18
15 18
15 18
15 18
15 18
15 18
15 18
15 18
15 18
15 18
15 18
15 18
15 18
15 18
28 32
28 32
28 32
28 32
28 32
28 32
28 32
28 32
28 74
28 32
28 32
28 32
28 32
28 32
28 32
28 32
28 32
28 32
28 32
28 32
28 32
28 32
28 32
28 32
28 32
28 32
28 32
28 32
28 32
28 32
28 32
28 32
28 32
28 32
28 32
28 32
28 32
28 32
28 32
28 32
28 32
28 32
28 32
28 32
28 32
28 32
28 32
28 32
28 32
28 32
28 32
28 32
28 32
28 32
28 32
28 32
28 32
28 32
28 32
28 32
28 32
28 32
28 32
28 32
28 32
28 46
28 32
28 32
28 46
28 32
28 32
28 32
28 32
28 32
28 32
28 32
28 32
28 32
28 32
28 46
28 32
28 32
28 32
28 32
28 32
28 32
28 32
28 32
28 32
28 32
28 32
28 32
28 32
28 32
28 32
28 32
28 32
28 32
28 32
28 32
45 50
45 50
45 50
45 50
45 50
45 50
45 50
45 50
45 68
45 50
45 50
45 50
45 50
45 50
45 50
45 50
45 50
45 50
45 50
45 50
45 50
45 50
45 50
45 50
45 50
45 50
45 50
45 50
45 68
45 68
45 50
45 50
45 50
45 50
45 50
45 113
45 50
45 50
45 50
45 50
45 50
45 50
45 50
45 50
45 50
45 68
45 50
45 50
45 50
45 68
45 50
45 50
45 50
45 50
45 50
45 50
45 50
45 50
45 50
45 50
45 50
45 50
45 68
45 50
45 50
45 50
45 50
45 50
45 50
45 68
45 50
45 50
45 50
45 50
45 68
45 50
45 50
45 50
45 50
45 158
45 50
45 50
45 50
45 50
45 50
45 50
45 50
45 50
45 50
45 50
45 50
45 68
45 50
45 50
45 50
45 50
45 50
45 50
45 50
45 50
66 72
66 94
66 72
66 72
66 94
66 94
66 72
66 72
66 138
66 72
66 94
66 72
66 72
66 72
66 72
66 72
66 72
66 72
66 72
66 94
66 72
66 72
66 72
66 94
66 72
66 94
66 72
66 72
66 72
66 72
66 72
66 72
66 72
66 72
66 94
66 72
66 72
66 72
66 72
66 72
66 204
66 72
66 72
66 72
66 72
66 138
66 72
66 94
66 72
66 72
66 72
66 94
66 72
66 72
66 72
66 72
66 72
66 72
66 292
66 424
66 72
66 72
66 72
66 72
66 72
66 72
66 72
66 72
66 94
66 72
66 72
66 72
66 72
66 72
66 72
66 94
66 72
66 72
66 72
66 72
66 72
66 72
66 72
66 72
66 72
66 72
66 72
66 72
66 72
66 72
66 72
66 72
66 72
66 94
66 72
66 204
66 72
66 72
66 72
66 72
91 98
91 98
91 150
91 124
91 98
91 98
91 98
91 176
91 98
91 98
91 98
91 176
91 98
91 98
91 124
91 98
91 98
91 98
91 579
91 98
91 98
91 98
91 124
91 98
91 124
91 98
91 98
91 98
91 98
91 98
91 98
91 124
91 98
91 98
91 124
91 98
91 98
91 98
91 98
91 98
91 592
91 124
91 527
91 124
91 98
91 98
91 98
91 98
91 98
91 98
91 98
91 98
91 176
91 124
91 98
91 98
91 98
91 98
91 98
91 98
91 98
91 98
91 98
91 124
91 98
91 98
91 98
91 98
91 98
91 98
91 98
91 98
91 124
91 98
91 98
91 98
91 124
91 124
91 98
91 176
91 98
91 98
91 98
91 124
91 98
91 98
91 176
91 124
91 98
91 98
91 98
91 98
91 176
91 98
91 462
91 98
91 124
91 98
91 124
91 98
120 128
120 308
120 128
120 128
120 128
120 128
120 128
120 488
120 128
120 188
120 128
120 158
120 128
120 128
120 308
120 308
120 128
120 128
120 128
120 128
120 128
120 308
120 128
120 158
120 158
120 128
120 128
120 158
120 128
120 128
120 218
120 128
120 158
120 128
120 128
120 128
120 128
120 158
120 218
120 128
120 128
120 128
120 158
120 158
120 128
120 128
120 578
120 158
120 128
120 128
120 158
120 128
120 128
120 128
120 158
120 128
120 128
120 128
120 158
120 158
120 128
120 128
120 128
120 158
120 158
120 128
120 128
120 128
120 128
120 218
120 158
120 128
120 128
120 128
120 128
120 128
120 128
120 128
120 128
120 128
120 128
120 128
120 128
120 158
120 218
120 128
120 128
120 128
120 128
120 128
120 308
120 128
120 128
120 128
120 248
120 128
120 158
120 128
120 128
120 128
153 162
153 162
153 434
153 196
153 196
153 264
153 162
153 162
153 196
153 162
153 162
153 162
153 162
153 162
153 162
153 162
153 264
153 281
153 162
153 162
153 162
153 162
153 162
153 162
153 196
153 162
153 196
153 162
153 298
153 196
153 264
153 162
153 162
153 723
153 162
153 162
153 264
153 621
153 162
153 162
153 196
153 162
153 196
153 264
153 162
153 162
153 519
153 196
153 162
153 383
153 162
153 196
153 162
153 264
153 162
153 162
153 196
153 723
153 162
153 196
153 162
153 621
153 162
153 162
153 162
153 162
153 196
153 196
153 162
153 162
153 162
153 162
153 383
153 162
153 162
153 196
153 162
153 264
153 162
153 383
153 196
153 162
153 196
153 162
153 162
153 162
153 162
153 162
153 162
153 196
153 417
153 162
153 162
153 162
153 315
153 196
153 162
153 162
153 264
153 162
