1 2
1 2
1 2
1 2
1 2
1 2
1 2
1 2
1 2
1 2
1 2
1 2
1 2
1 2
1 2
1 2
1 2
1 2
1 2
1 2
1 2
1 2
1 2
1 2
1 2
1 2
1 2
1 2
1 2
1 2
1 2
1 2
1 2
1 2
1 2
1 2
1 2
1 2
1 2
1 2
1 2
1 2
1 2
1 2
1 2
1 2
1 2
1 2
1 2
1 2
1 2
1 2
1 2
1 2
1 2
1 2
1 2
1 2
1 2
1 2
1 2
1 2
1 2
1 2
1 2
1 2
1 2
1 2
1 2
1 2
1 2
1 2
1 2
1 2
1 2
1 2
1 2
1 2
1 2
1 2
1 2
1 2
1 2
1 2
1 2
1 2
1 2
1 2
1 2
1 2
1 2
1 2
1 2
1 2
1 2
1 2
1 2
1 2
1 2
1 2
6 8
6 8
6 8
6 8
6 8
6 8
6 8
6 14
6 8
6 8
6 8
6 8
6 8
6 8
6 8
6 8
6 8
6 8
6 8
6 8
6 8
6 8
6 8
6 8
6 8
6 8
6 14
6 8
6 8
6 8
6 8
6 8
6 8
6 8
6 8
6 14
6 8
6 8
6 8
6 8
6 8
6 8
6 8
6 8
6 8
6 8
6 14
6 8
6 8
6 14
6 8
6 8
6 8
6 8
6 8
6 8
6 8
6 8
6 8
6 8
6 8
6 8
6 8
6 8
6 8
6 8
6 8
6 8
6 8
6 8
6 8
6 8
6 8
6 8
6 8
6 8
6 8
6 8
6 8
6 8
6 8
6 8
6 8
6 8
6 8
6 8
6 8
6 14
6 8
6 8
6 8
6 8
6 8
6 8
6 8
6 8
6 8
6 8
6 14
6 8
15 18
15 18
15 18
15 18
15 18
15 18
15 18
15 18
15 18
15 18
15 18
15 18
15 28
15 18
15 18
15 18
15 18
15 18
15 28
15 18
15 18
15 18
15 18
15 18
15 18
15 18
15 18
15 18
15 18
15 18
15 18
15 18
15 18
15 18
15 18
15 28
15 18
15 18
15 18
15 18
15 18
15 18
15 18
15 28
15 18
15 18
15 18
15 28
15 18
15 18
15 18
15 18
15 18
15 18
15 18
15 18
15 18
15 18
15 18
15 18
15 18
15 18
15 18
15 18
15 28
15 18
15 28
15 18
15 18
15 18
15 18
15 18
15 28
15 18
15 18
15 18
15 18
15 28
15 18
15 18
15 18
15 18
15 28
15 18
15 18
15 18
15 18
15 18
15 78
15 18
15 28
15 18
15 18
15 18
15 18
15 18
15 18
15 18
15 18
15 18
28 32
28 32
28 32
28 74
28 32
28 32
28 32
28 32
28 81
28 32
28 32
28 46
28 46
28 32
28 32
28 32
28 74
28 32
28 32
28 46
28 32
28 46
28 81
28 32
28 46
28 32
28 32
28 32
28 32
28 46
28 32
28 32
28 32
28 32
28 32
28 32
28 32
28 32
28 81
28 32
28 32
28 32
28 32
28 32
28 32
28 46
28 46
28 32
28 32
28 95
28 32
28 74
28 32
28 32
28 32
28 32
28 32
28 32
28 46
28 46
28 32
28 32
28 32
28 74
28 46
28 46
28 46
28 32
28 32
28 32
28 32
28 32
28 32
28 32
28 32
28 81
28 32
28 32
28 32
28 32
28 32
28 32
28 32
28 46
28 32
28 46
28 32
28 32
28 32
28 32
28 32
28 46
28 46
28 32
28 32
28 32
28 95
28 32
28 116
28 32
45 50
45 50
45 50
45 50
45 50
45 50
45 50
45 104
45 50
45 68
45 113
45 50
45 68
45 158
45 50
45 212
45 185
45 50
45 50
45 266
45 50
45 68
45 158
45 131
45 50
45 50
45 50
45 50
45 50
45 50
45 50
45 104
45 50
45 68
45 50
45 104
45 113
45 50
45 50
45 68
45 50
45 50
45 50
45 50
45 50
45 50
45 50
45 50
45 50
45 50
45 50
45 68
45 50
45 50
45 50
45 68
45 86
45 50
45 68
45 50
45 50
45 50
45 50
45 50
45 68
45 50
45 50
45 104
45 113
45 50
45 50
45 68
45 50
45 50
45 50
45 158
45 68
45 50
45 68
45 50
45 68
45 50
45 50
45 68
45 50
45 50
45 50
45 50
45 131
45 50
45 50
45 50
45 50
45 167
45 50
45 113
45 50
45 50
45 158
45 50
66 72
66 94
66 72
66 116
66 116
66 72
66 94
66 138
66 72
66 72
66 215
66 94
66 94
66 72
66 94
66 391
66 72
66 138
66 72
66 204
66 72
66 94
66 226
66 72
66 94
66 138
66 358
66 72
66 94
66 72
66 149
66 72
66 72
66 72
66 303
66 149
66 314
66 72
66 72
66 138
66 1139
66 94
66 94
66 72
66 72
66 72
66 94
66 72
66 72
66 72
66 138
66 94
66 204
66 72
66 446
66 94
66 72
66 94
66 72
66 72
66 72
66 72
66 138
66 72
66 292
66 94
66 72
66 215
66 72
66 479
66 72
66 270
66 72
66 94
66 72
66 94
66 138
66 72
66 72
66 94
66 138
66 149
66 94
66 72
66 72
66 72
66 138
66 72
66 72
66 72
66 72
66 94
66 72
66 72
66 72
66 72
66 72
66 72
66 72
66 72
91 371
91 98
91 98
91 176
91 98
91 98
91 1684
91 98
91 98
91 254
91 345
91 98
91 501
91 124
91 436
91 735
91 267
91 215
91 1970
91 215
91 488
91 98
91 98
91 423
91 98
91 98
91 124
91 592
91 345
91 98
91 306
91 605
91 891
91 98
91 189
91 176
91 124
91 176
91 124
91 124
91 124
91 150
91 98
91 657
91 267
91 384
91 176
91 176
91 397
91 98
91 319
91 176
91 124
91 98
91 98
91 124
91 3998
91 254
91 592
91 98
91 215
91 293
91 371
91 202
91 124
91 98
91 124
91 436
91 150
91 176
91 280
91 98
91 436
91 150
91 98
91 267
91 124
91 98
91 98
91 657
91 98
91 124
91 98
91 1034
91 124
91 176
91 202
91 1658
91 124
91 319
91 98
91 98
91 98
91 189
91 124
91 150
91 124
91 254
91 176
91 202
120 353
120 218
120 1103
120 323
120 128
120 188
120 863
120 6128
120 158
120 743
120 353
120 1133
120 803
120 458
120 128
120 128
120 368
120 233
120 1028
120 128
120 488
120 2363
120 233
120 308
120 398
120 2048
120 158
120 338
120 353
120 308
120 188
120 218
120 383
120 128
120 263
120 233
120 263
120 908
120 218
120 578
120 308
120 128
120 188
120 128
120 323
120 353
120 503
120 413
120 638
120 188
120 128
120 158
120 2783
120 338
120 218
120 158
120 158
120 128
120 458
120 1118
120 248
120 473
120 158
120 308
120 233
120 188
120 1373
120 128
120 128
120 338
120 263
120 158
120 803
120 1283
120 158
120 158
120 128
120 233
120 998
120 128
120 353
120 383
120 158
120 188
120 458
120 158
120 218
120 1178
120 653
120 128
120 128
120 548
120 1793
120 128
120 308
120 128
120 218
120 533
120 158
120 263
153 1165
153 519
153 162
153 2304
153 315
153 451
153 383
153 162
153 196
153 1964
153 4990
153 3579
153 1471
153 1862
153 3647
153 315
153 264
153 842
153 2508
153 162
153 2134
153 927
153 264
153 162
153 264
153 417
153 621
153 366
153 3120
153 723
153 196
153 570
153 315
153 1403
153 672
153 230
153 196
153 1913
153 162
153 4752
153 910
153 162
153 1505
153 230
153 1114
153 281
153 366
153 281
153 196
153 587
153 298
153 162
153 1488
153 264
153 366
153 3545
153 502
153 1573
153 2083
153 196
153 196
153 7013
153 689
153 2406
153 162
153 281
153 196
153 3069
153 162
153 5211
153 961
153 536
153 1930
153 400
153 264
153 366
153 196
153 196
153 196
153 502
153 638
153 196
153 4854
153 3103
153 8645
153 4055
153 264
153 417
153 1369
153 366
153 264
153 230
153 1233
153 196
153 451
153 196
153 876
153 587
153 3919
153 162
