1 2
1 2
1 2
1 2
1 2
1 2
1 2
1 2
1 2
1 2
1 2
1 2
1 2
1 2
1 2
1 2
1 2
1 2
1 2
1 2
1 2
1 2
1 2
1 2
1 2
1 2
1 2
1 2
1 2
1 2
1 2
1 2
1 2
1 2
1 2
1 2
1 2
1 2
1 2
1 2
1 2
1 2
1 2
1 2
1 2
1 2
1 2
1 2
1 2
1 2
1 2
1 2
1 2
1 2
1 2
1 2
1 2
1 2
1 2
1 2
1 2
1 2
1 2
1 2
1 2
1 2
1 2
1 2
1 2
1 2
1 2
1 2
1 2
1 2
1 2
1 2
1 2
1 2
1 2
1 2
1 2
1 2
1 2
1 2
1 2
1 2
1 2
1 2
1 2
1 2
1 2
1 2
1 2
1 2
1 2
1 2
1 2
1 2
1 2
1 2
6 14
6 14
6 8
6 14
6 8
6 14
6 8
6 8
6 8
6 8
6 8
6 8
6 14
6 14
6 8
6 8
6 14
6 14
6 8
6 8
6 8
6 8
6 14
6 14
6 14
6 14
6 8
6 14
6 8
6 8
6 8
6 14
6 14
6 14
6 8
6 14
6 8
6 8
6 8
6 8
6 14
6 14
6 8
6 8
6 8
6 14
6 14
6 8
6 8
6 14
6 14
6 8
6 14
6 14
6 8
6 14
6 14
6 8
6 14
6 8
6 14
6 8
6 8
6 8
6 14
6 8
6 8
6 14
6 8
6 14
6 14
6 8
6 14
6 8
6 14
6 8
6 8
6 8
6 14
6 8
6 14
6 14
6 8
6 8
6 14
6 8
6 14
6 8
6 8
6 14
6 14
6 8
6 14
6 14
6 14
6 14
6 14
6 14
6 14
6 14
15 28
15 28
15 28
15 63
15 63
15 63
15 63
15 28
15 63
15 18
15 63
15 53
15 28
15 63
15 78
15 63
15 28
15 63
15 63
15 63
15 78
15 53
15 78
15 63
15 53
15 18
15 78
15 63
15 63
15 53
15 28
15 53
15 28
15 18
15 63
15 78
15 28
15 63
15 28
15 63
15 78
15 28
15 28
15 28
15 63
15 28
15 78
15 63
15 18
15 63
15 63
15 28
15 53
15 63
15 63
15 28
15 53
15 48
15 28
15 28
15 63
15 28
15 78
15 63
15 63
15 53
15 78
15 63
15 63
15 53
15 53
15 28
15 53
15 28
15 28
15 78
15 53
15 63
15 63
15 78
15 28
15 18
15 28
15 63
15 53
15 63
15 63
15 28
15 63
15 28
15 63
15 28
15 63
15 63
15 28
15 28
15 28
15 63
15 18
15 18
28 256
28 46
28 165
28 312
28 186
28 256
28 116
28 319
28 298
28 298
28 207
28 375
28 200
28 165
28 95
28 235
28 375
28 375
28 207
28 263
28 256
28 179
28 235
28 375
28 81
28 242
28 207
28 165
28 256
28 200
28 256
28 193
28 116
28 207
28 193
28 214
28 298
28 193
28 81
28 298
28 193
28 284
28 256
28 207
28 179
28 214
28 375
28 235
28 270
28 207
28 235
28 32
28 298
28 116
28 186
28 32
28 46
28 235
28 375
28 249
28 95
28 186
28 207
28 186
28 214
28 235
28 200
28 256
28 186
28 95
28 242
28 193
28 375
28 165
28 144
28 186
28 298
28 312
28 312
28 312
28 207
28 123
28 375
28 249
28 452
28 375
28 200
28 312
28 179
28 256
28 312
28 263
28 207
28 207
28 193
28 235
28 186
28 256
28 95
28 256
45 2147
45 1850
45 680
45 1238
45 734
45 1436
45 491
45 1211
45 1121
45 1193
45 869
45 833
45 1112
45 1094
45 1463
45 680
45 1778
45 419
45 779
45 1481
45 860
45 968
45 275
45 572
45 815
45 617
45 1265
45 1247
45 1229
45 1058
45 464
45 671
45 896
45 1112
45 1175
45 1265
45 770
45 482
45 923
45 725
45 1607
45 1013
45 1238
45 752
45 590
45 1490
45 113
45 1238
45 797
45 1598
45 1247
45 500
45 860
45 1166
45 1517
45 1067
45 1850
45 113
45 1364
45 914
45 1805
45 1139
45 842
45 1166
45 392
45 2120
45 1607
45 1265
45 635
45 842
45 788
45 1409
45 1535
45 428
45 1139
45 1490
45 491
45 1850
45 1022
45 815
45 1679
45 644
45 608
45 1337
45 1310
45 1067
45 968
45 356
45 635
45 1508
45 635
45 761
45 1598
45 761
45 608
45 1553
45 680
45 662
45 1274
45 1481
66 7068
66 13745
66 1755
66 2833
66 1513
66 3834
66 4637
66 6584
66 3273
66 3394
66 2492
66 5374
66 8729
66 4197
66 10687
66 7222
66 2866
66 5792
66 5583
66 2294
66 5462
66 5924
66 6650
66 4582
66 6133
66 5418
66 3526
66 5121
66 5627
66 5726
66 5363
66 5594
66 2690
66 4989
66 6936
66 3548
66 6474
66 5583
66 8685
66 3174
66 5121
66 4758
66 4384
66 9950
66 3031
66 6056
66 380
66 5308
66 3372
66 4659
66 5583
66 5616
66 7640
66 4241
66 3020
66 6144
66 5759
66 5308
66 7233
66 2943
66 8773
66 6045
66 2679
66 3383
66 9620
66 4868
66 4406
66 4703
66 5484
66 6936
66 6628
66 4274
66 5979
66 5528
66 4703
66 5154
66 8058
66 3581
66 4692
66 5022
66 8542
66 6914
66 4087
66 7651
66 5539
66 5000
66 8025
66 3042
66 9301
66 7508
66 4472
66 5000
66 8542
66 4230
66 8333
66 6034
66 9609
66 6529
66 3240
66 8179
91 35874
91 18454
91 30960
91 22432
91 40762
91 9666
91 19364
91 10654
91 19286
91 14671
91 11603
91 23420
91 33690
91 35887
91 38994
91 27931
91 27099
91 29829
91 40281
91 104449
91 46209
91 47808
91 27242
91 53775
91 23719
91 18883
91 44415
91 30739
91 39137
91 59690
91 29530
91 55023
91 12487
91 36316
91 80204
91 31246
91 35302
91 29023
91 52267
91 16387
91 67282
91 27827
91 29868
91 25903
91 19832
91 23849
91 35939
91 26202
91 17180
91 29543
91 53866
91 33599
91 17635
91 12604
91 26345
91 82297
91 11434
91 46248
91 52878
91 24343
91 35757
91 22900
91 22757
91 70142
91 34600
91 35406
91 7924
91 22952
91 40112
91 9900
91 45390
91 14151
91 51669
91 58377
91 26800
91 22471
91 19416
91 15711
91 26761
91 41152
91 63278
91 10511
91 53073
91 11174
91 25747
91 16855
91 23940
91 33456
91 30037
91 36017
91 33599
91 29855
91 31337
91 37122
91 32299
91 44727
91 12968
91 18467
91 10381
91 9367
120 147848
120 292493
120 161003
120 161258
120 165743
120 154388
120 119978
120 352838
120 164918
120 142523
120 234128
120 191288
120 55283
120 130013
120 130928
120 162563
120 375383
120 158438
120 310328
120 130238
120 92543
120 125858
120 482153
120 233873
120 110963
120 225818
120 178373
120 78278
120 119183
120 90668
120 260723
120 562403
120 95198
120 118658
120 123533
120 247163
120 166523
120 74618
120 271763
120 63803
120 90233
120 62108
120 136448
120 136013
120 383963
120 267338
120 113573
120 176633
120 168293
120 271733
120 331598
120 128303
120 109853
120 163043
120 215438
120 185003
120 134798
120 93518
120 175808
120 132278
120 294203
120 48308
120 201278
120 136523
120 95588
120 211628
120 97568
120 298313
120 180578
120 386873
120 152948
120 454718
120 259478
120 267278
120 145208
120 732293
120 128723
120 106253
120 211223
120 265388
120 158573
120 167423
120 105623
120 178763
120 94478
120 256073
120 227708
120 172148
120 54983
120 158948
120 204998
120 321713
120 148583
120 151148
120 150473
120 97388
120 207038
120 217868
120 162908
120 66548
153 835117
153 1072063
153 709453
153 1835822
153 1055811
153 358964
153 812745
153 1917813
153 2674194
153 2423835
153 1239530
153 857336
153 1778039
153 1615094
153 1776985
153 3754629
153 2530986
153 880456
153 680604
153 580576
153 2607418
153 1090831
153 633378
153 1865555
153 1334203
153 1170425
153 1306731
153 826702
153 1347021
153 937406
153 3924561
153 1129132
153 1111367
153 676745
153 854395
153 1153034
153 1514896
153 1277712
153 1617083
153 1268668
153 2258595
153 1024276
153 1451945
153 1049878
153 841050
153 416781
153 1359380
153 1016286
153 1114478
153 1734706
153 1648091
153 698250
153 1589883
153 1569772
153 1717213
153 1082943
153 554345
153 499044
153 1325567
153 1040052
153 931048
153 1636055
153 711850
153 2472965
153 2382729
153 1473960
153 788758
153 1389844
153 2951124
153 612179
153 1273292
153 844824
153 2451324
153 941350
153 1743240
153 1150535
153 1789412
153 1791197
153 412922
153 515534
153 671441
153 438388
153 516367
153 843294
153 1048467
153 1312647
153 1454393
153 795405
153 1130815
153 987641
153 1008925
153 1054281
153 1028968
153 664335
153 883635
153 1874021
153 4604119
153 560686
153 1618902
153 824050
