n usr sys mem
0 0.17 0.01 41708
50000 0.37 0.02 79788
100000 0.60 0.02 117076
150000 0.75 0.03 117264
200000 0.96 0.06 189640
250000 1.12 0.07 189456
300000 1.32 0.07 189772
350000 1.65 0.13 333964
400000 1.83 0.10 333956
450000 1.91 0.13 334272
500000 2.11 0.14 333856
550000 2.21 0.13 334152
600000 2.98 0.15 619284
650000 2.88 0.21 619660
700000 3.19 0.23 619836
750000 3.28 0.22 619528
800000 3.29 0.20 619556
850000 3.65 0.20 619440
900000 4.12 0.23 619852
950000 3.93 0.21 619628
1000000 4.28 0.24 619436
1050000 4.51 0.21 619440
1100000 4.33 0.22 619612
1150000 4.47 0.25 619644
1200000 5.22 0.41 1184804
1250000 5.62 0.41 1185100
1300000 5.56 0.39 1185100
1350000 5.74 0.41 1185296
1400000 5.87 0.43 1184964
1450000 6.08 0.39 1184892
1500000 5.97 0.45 1184604
1550000 6.31 0.42 1184664
1600000 6.67 0.48 1184776
1650000 6.55 0.38 1185296
1700000 7.00 0.37 1185292
1750000 7.77 0.43 1185300
1800000 7.16 0.39 1185236
1850000 7.86 0.41 1185236
1900000 8.55 0.47 1185100
1950000 7.72 0.35 1184784
2000000 8.05 0.38 1185296
