n usr sys mem
0 0.18 0.01 41552
50000 0.38 0.03 78248
100000 0.58 0.03 110936
150000 0.71 0.17 174072
200000 0.94 0.08 174156
250000 1.17 0.07 174164
300000 1.50 0.09 299192
350000 1.58 0.10 299372
400000 1.86 0.10 299332
450000 2.05 0.09 299092
500000 2.24 0.23 539688
550000 2.38 0.21 539696
600000 2.62 0.19 539860
650000 2.82 0.20 539724
700000 3.20 0.18 539640
750000 3.13 0.23 539576
800000 3.22 0.19 539540
850000 3.55 0.18 539640
900000 3.65 0.17 539640
950000 3.80 0.21 539456
1000000 4.23 0.41 1008140
1050000 4.50 0.39 1007420
1100000 4.62 0.37 1007828
1150000 4.86 0.35 1007684
1200000 4.87 0.40 1007608
1250000 5.22 0.39 1007428
1300000 5.87 0.33 1007828
1350000 5.58 0.36 1007648
1400000 5.61 0.38 1007828
1450000 5.84 0.36 1007824
1500000 5.97 0.34 1007424
1550000 6.92 0.33 1007648
1600000 6.18 0.38 1007816
1650000 7.29 0.37 1007724
1700000 6.51 0.36 1007800
1750000 6.75 0.40 1007608
1800000 6.89 0.41 1007612
1850000 8.01 0.75 1916224
1900000 8.28 0.72 1916328
1950000 8.28 0.74 1916228
2000000 8.52 0.67 1915832
