n usr sys mem
1 0.19 0.00 41892
2 0.19 0.00 41880
3 0.18 0.00 41964
4 0.18 0.02 42204
5 0.18 0.00 41968
6 0.17 0.01 41764
7 0.18 0.01 41968
8 0.17 0.01 42204
9 0.18 0.01 41816
10 0.17 0.02 42732
11 0.18 0.01 42020
12 0.20 0.00 42752
13 0.17 0.01 42564
14 0.18 0.00 42296
15 0.18 0.00 42288
16 0.19 0.01 42580
17 0.19 0.00 42288
18 0.20 0.01 42184
19 0.20 0.01 42436
20 0.23 0.00 42248
21 0.23 0.00 42524
22 0.28 0.00 42432
23 0.31 0.01 42364
24 0.41 0.01 43028
25 0.55 0.01 42880
26 0.84 0.02 43148
27 1.27 0.01 43416
28 1.85 0.02 43544
29 2.75 0.01 44464
30 4.18 0.02 43964
31 6.54 0.03 44112
