n usr sys mem
0 0.17 0.01 42072
50000 0.39 0.01 79788
100000 0.58 0.04 117080
150000 0.75 0.03 116828
200000 1.01 0.07 189468
250000 1.17 0.04 189272
300000 1.35 0.07 189504
350000 1.58 0.16 334352
400000 1.80 0.11 333736
450000 1.89 0.17 333908
500000 2.17 0.13 333748
550000 2.37 0.11 334352
600000 2.85 0.22 619284
650000 2.91 0.22 619656
700000 3.03 0.22 619852
750000 3.17 0.22 620052
800000 3.45 0.23 619956
850000 3.60 0.23 619720
900000 3.68 0.24 619588
950000 3.98 0.24 619716
1000000 3.99 0.24 620052
1050000 4.19 0.23 619416
1100000 4.52 0.19 619956
1150000 4.67 0.23 619612
1200000 5.39 0.40 1184784
1250000 5.41 0.44 1185200
1300000 5.48 0.48 1185100
1350000 5.65 0.39 1184780
1400000 5.91 0.43 1184904
1450000 6.55 0.39 1184680
1500000 6.41 0.43 1185084
1550000 6.34 0.39 1185100
1600000 6.69 0.44 1184664
1650000 6.73 0.43 1185204
1700000 6.77 0.40 1184908
1750000 7.52 0.43 1185296
1800000 7.25 0.41 1185084
1850000 7.25 0.41 1184904
1900000 7.80 0.43 1184836
1950000 7.81 0.45 1184912
2000000 7.86 0.39 1185104
