1 2
1 2
1 2
1 2
1 2
1 2
1 2
1 2
1 2
1 2
1 2
1 2
1 2
1 2
1 2
1 2
1 2
1 2
1 2
1 2
1 2
1 2
1 2
1 2
1 2
1 2
1 2
1 2
1 2
1 2
1 2
1 2
1 2
1 2
1 2
1 2
1 2
1 2
1 2
1 2
1 2
1 2
1 2
1 2
1 2
1 2
1 2
1 2
1 2
1 2
1 2
1 2
1 2
1 2
1 2
1 2
1 2
1 2
1 2
1 2
1 2
1 2
1 2
1 2
1 2
1 2
1 2
1 2
1 2
1 2
1 2
1 2
1 2
1 2
1 2
1 2
1 2
1 2
1 2
1 2
1 2
1 2
1 2
1 2
1 2
1 2
1 2
1 2
1 2
1 2
1 2
1 2
1 2
1 2
1 2
1 2
1 2
1 2
1 2
1 2
6 8
6 8
6 8
6 8
6 8
6 8
6 8
6 14
6 8
6 8
6 8
6 8
6 14
6 8
6 8
6 8
6 8
6 8
6 14
6 8
6 8
6 8
6 8
6 8
6 8
6 8
6 8
6 8
6 8
6 8
6 8
6 8
6 8
6 8
6 8
6 8
6 8
6 8
6 8
6 8
6 8
6 8
6 8
6 8
6 8
6 8
6 8
6 8
6 8
6 8
6 8
6 8
6 8
6 8
6 14
6 8
6 8
6 8
6 8
6 8
6 8
6 8
6 8
6 8
6 8
6 8
6 8
6 8
6 8
6 8
6 8
6 8
6 8
6 8
6 8
6 8
6 8
6 8
6 14
6 8
6 8
6 8
6 8
6 14
6 8
6 8
6 8
6 8
6 8
6 14
6 8
6 8
6 8
6 8
6 8
6 8
6 8
6 8
6 8
6 8
15 18
15 18
15 18
15 18
15 18
15 18
15 18
15 18
15 18
15 18
15 28
15 28
15 18
15 28
15 18
15 28
15 48
15 18
15 18
15 18
15 18
15 28
15 18
15 18
15 18
15 18
15 28
15 18
15 18
15 18
15 18
15 18
15 18
15 28
15 18
15 28
15 18
15 18
15 18
15 18
15 18
15 18
15 18
15 18
15 48
15 28
15 18
15 18
15 18
15 18
15 18
15 18
15 48
15 53
15 18
15 28
15 18
15 28
15 28
15 18
15 18
15 48
15 28
15 18
15 18
15 18
15 18
15 18
15 28
15 18
15 48
15 18
15 18
15 28
15 28
15 28
15 28
15 18
15 28
15 18
15 28
15 18
15 18
15 18
15 18
15 18
15 18
15 18
15 18
15 18
15 18
15 28
15 18
15 18
15 18
15 18
15 18
15 28
15 18
15 18
28 32
28 32
28 116
28 32
28 32
28 95
28 81
28 32
28 46
28 46
28 32
28 32
28 46
28 46
28 81
28 46
28 32
28 32
28 116
28 32
28 46
28 32
28 32
28 46
28 95
28 32
28 123
28 46
28 81
28 46
28 32
28 46
28 32
28 46
28 46
28 46
28 186
28 32
28 32
28 32
28 32
28 32
28 158
28 116
28 130
28 32
28 32
28 32
28 46
28 46
28 123
28 144
28 46
28 46
28 46
28 74
28 46
28 46
28 46
28 81
28 130
28 32
28 32
28 32
28 32
28 32
28 158
28 74
28 32
28 32
28 32
28 32
28 81
28 186
28 32
28 32
28 32
28 32
28 32
28 46
28 32
28 32
28 137
28 32
28 130
28 46
28 46
28 32
28 74
28 46
28 32
28 74
28 32
28 32
28 32
28 46
28 32
28 235
28 32
28 32
45 158
45 50
45 50
45 212
45 257
45 68
45 374
45 68
45 50
45 50
45 68
45 212
45 50
45 50
45 50
45 68
45 50
45 50
45 50
45 104
45 266
45 68
45 68
45 104
45 50
45 50
45 113
45 338
45 113
45 68
45 50
45 104
45 50
45 176
45 68
45 50
45 50
45 383
45 257
45 113
45 50
45 86
45 68
45 113
45 68
45 50
45 419
45 131
45 50
45 50
45 50
45 104
45 50
45 50
45 545
45 113
45 68
45 68
45 68
45 68
45 104
45 50
45 194
45 68
45 167
45 104
45 113
45 68
45 284
45 68
45 50
45 365
45 212
45 185
45 68
45 68
45 50
45 50
45 50
45 50
45 104
45 248
45 50
45 68
45 113
45 50
45 212
45 68
45 122
45 158
45 365
45 86
45 50
45 68
45 68
45 248
45 401
45 50
45 113
45 68
66 248
66 974
66 94
66 72
66 171
66 138
66 72
66 72
66 292
66 765
66 1062
66 897
66 138
66 413
66 479
66 72
66 116
66 94
66 204
66 72
66 94
66 490
66 490
66 259
66 215
66 171
66 94
66 72
66 94
66 94
66 479
66 72
66 72
66 237
66 72
66 72
66 72
66 94
66 94
66 149
66 831
66 578
66 303
66 94
66 314
66 380
66 149
66 116
66 336
66 94
66 94
66 149
66 94
66 94
66 193
66 666
66 369
66 314
66 347
66 765
66 490
66 94
66 149
66 72
66 160
66 72
66 556
66 380
66 523
66 435
66 248
66 149
66 248
66 94
66 204
66 1238
66 831
66 94
66 94
66 72
66 138
66 314
66 314
66 72
66 72
66 72
66 94
66 72
66 72
66 116
66 204
66 72
66 457
66 567
66 1810
66 72
66 248
66 72
66 94
66 94
91 215
91 540
91 410
91 761
91 8158
91 215
91 98
91 2022
91 215
91 1671
91 475
91 306
91 1177
91 1255
91 189
91 124
91 1411
91 267
91 930
91 683
91 1125
91 488
91 462
91 176
91 202
91 2074
91 540
91 98
91 124
91 3387
91 2412
91 1281
91 4128
91 1385
91 267
91 1112
91 1762
91 1385
91 254
91 904
91 280
91 5896
91 176
91 176
91 241
91 1580
91 2035
91 176
91 1125
91 1697
91 124
91 1112
91 3075
91 254
91 189
91 865
91 618
91 917
91 1736
91 124
91 176
91 98
91 98
91 124
91 202
91 124
91 176
91 267
91 865
91 124
91 124
91 358
91 1593
91 1229
91 709
91 1346
91 1411
91 254
91 371
91 150
91 670
91 3907
91 735
91 332
91 410
91 514
91 124
91 12396
91 280
91 449
91 267
91 124
91 3283
91 1242
91 852
91 852
91 189
91 124
91 462
91 527
120 6158
120 2903
120 1868
120 473
120 2723
120 3938
120 2588
120 833
120 12068
120 1628
120 1643
120 398
120 1238
120 1613
120 1058
120 1508
120 4658
120 128
120 3983
120 4478
120 428
120 1283
120 2378
120 2813
120 7658
120 1463
120 5243
120 998
120 5318
120 1553
120 3743
120 1778
120 668
120 818
120 13973
120 563
120 1958
120 11003
120 4193
120 863
120 1328
120 3278
120 218
120 1733
120 158
120 4313
120 5588
120 548
120 8183
120 188
120 728
120 8243
120 518
120 15353
120 5063
120 2423
120 2543
120 983
120 188
120 3503
120 1253
120 3713
120 563
120 4553
120 668
120 503
120 2258
120 653
120 263
120 653
120 5048
120 7193
120 7808
120 1988
120 4268
120 128
120 713
120 13748
120 2063
120 1823
120 5438
120 9863
120 1193
120 3458
120 413
120 1583
120 263
120 1073
120 5003
120 1463
120 25748
120 578
120 848
120 218
120 398
120 3083
120 13403
120 833
120 2873
120 128
153 18811
153 8560
153 21905
153 6350
153 12946
153 2134
153 4259
153 36185
153 621
153 12130
153 6180
153 9563
153 33992
153 1896
153 12113
153 7999
153 3511
153 3018
153 19950
153 8050
153 3630
153 13643
153 5517
153 13592
153 1301
153 5279
153 3494
153 8475
153 2661
153 15530
153 9291
153 4191
153 638
153 230
153 47524
153 9206
153 757
153 11365
153 13898
153 3035
153 4752
153 3511
153 4429
153 4701
153 12759
153 21888
153 4429
153 315
153 655
153 2916
153 3069
153 7183
153 3375
153 34536
153 3460
153 604
153 1862
153 2712
153 17842
153 9019
153 6078
153 12521
153 14595
153 2032
153 9257
153 10770
153 10838
153 638
153 910
153 570
153 3987
153 2287
153 1182
153 20392
153 16448
153 5823
153 2763
153 26189
153 3528
153 54018
153 230
153 81286
153 2559
153 14170
153 8220
153 5024
153 434
153 22347
153 196
153 9070
153 7455
153 6554
153 3052
153 9070
153 6418
153 2134
153 3409
153 12589
153 2049
153 11178
